1.0,101
1.0,102
1.0,103
1.0,104
1.0,105
1.0,109
1.0,137
1.0,151
1.0,170
1.0,174
1.0,238
1.0,273
1.0,277
1.0,291
1.0,292
1.0,295
1.0,305
1.0,339
1.0,355
1.0,381
1.0,384
1.0,407
1.0,408
1.0,409
1.0,447
1.0,451
1.0,454
1.0,455
1.0,475
1.0,485
1.0,490
1.0,533
1.0,539
1.0,540
1.0,541
1.0,564
1.0,581
1.0,585
1.0,608
1.0,609
1.0,626
1.0,627
1.0,643
1.0,676
1.0,677
1.0,746
1.0,754
1.0,770
1.0,78
1.0,80
1.0,813
1.0,814
1.0,815
1.0,829
1.0,834
1.0,835
1.0,839
1.0,843
1.0,844
1.0,845
1.0,864
1.0,866
1.0,869
1.0,872
1.0,881
1.0,896
1.0,91
1.0,961
1.0,965
1.0,997
1.0,998
2.0,136
2.0,165
2.0,168
2.0,191
2.0,194
2.0,207
2.0,212
2.0,213
2.0,214
2.0,216
2.0,257
2.0,268
2.0,289
2.0,290
2.0,309
2.0,335
2.0,336
2.0,341
2.0,363
2.0,403
2.0,412
2.0,423
2.0,428
2.0,472
2.0,498
2.0,553
2.0,607
2.0,612
2.0,624
2.0,634
2.0,692
2.0,744
2.0,763
2.0,800
2.0,806
2.0,809
2.0,840
2.0,842
2.0,880
2.0,897
2.0,917
2.0,927
2.0,984
2.0,991
2.0,996
3.0,135
3.0,142
3.0,160
3.0,162
3.0,208
3.0,225
3.0,228
3.0,232
3.0,237
3.0,255
3.0,267
3.0,276
3.0,3
3.0,315
3.0,317
3.0,318
3.0,320
3.0,326
3.0,338
3.0,360
3.0,371
3.0,372
3.0,375
3.0,427
3.0,438
3.0,453
3.0,463
3.0,464
3.0,477
3.0,486
3.0,488
3.0,499
3.0,518
3.0,534
3.0,582
3.0,583
3.0,602
3.0,605
3.0,606
3.0,620
3.0,656
3.0,661
3.0,685
3.0,695
3.0,711
3.0,726
3.0,733
3.0,757
3.0,767
3.0,808
3.0,820
3.0,832
3.0,849
3.0,870
3.0,895
3.0,900
3.0,916
3.0,921
3.0,930
3.0,931
3.0,950
3.0,956
3.0,959
3.0,966
3.0,967
4.0,1
4.0,106
4.0,117
4.0,121
4.0,127
4.0,128
4.0,13
4.0,141
4.0,145
4.0,148
4.0,149
4.0,153
4.0,155
4.0,156
4.0,157
4.0,159
4.0,176
4.0,177
4.0,178
4.0,202
4.0,203
4.0,204
4.0,205
4.0,209
4.0,21
4.0,211
4.0,217
4.0,218
4.0,220
4.0,221
4.0,223
4.0,226
4.0,227
4.0,229
4.0,234
4.0,240
4.0,243
4.0,245
4.0,249
4.0,260
4.0,271
4.0,288
4.0,293
4.0,322
4.0,330
4.0,337
4.0,346
4.0,352
4.0,362
4.0,365
4.0,366
4.0,370
4.0,378
4.0,383
4.0,389
4.0,390
4.0,392
4.0,398
4.0,4
4.0,400
4.0,402
4.0,405
4.0,420
4.0,430
4.0,432
4.0,433
4.0,437
4.0,444
4.0,445
4.0,448
4.0,470
4.0,473
4.0,478
4.0,479
4.0,481
4.0,483
4.0,487
4.0,492
4.0,497
4.0,515
4.0,516
4.0,522
4.0,523
4.0,531
4.0,535
4.0,537
4.0,538
4.0,543
4.0,545
4.0,550
4.0,551
4.0,552
4.0,558
4.0,566
4.0,571
4.0,580
4.0,584
4.0,590
4.0,593
4.0,599
4.0,601
4.0,604
4.0,613
4.0,619
4.0,621
4.0,622
4.0,625
4.0,629
4.0,64
4.0,65
4.0,650
4.0,651
4.0,652
4.0,658
4.0,659
4.0,66
4.0,660
4.0,667
4.0,681
4.0,683
4.0,687
4.0,697
4.0,699
4.0,70
4.0,700
4.0,705
4.0,708
4.0,731
4.0,738
4.0,743
4.0,745
4.0,755
4.0,756
4.0,762
4.0,764
4.0,769
4.0,79
4.0,793
4.0,798
4.0,803
4.0,805
4.0,812
4.0,821
4.0,830
4.0,831
4.0,833
4.0,836
4.0,837
4.0,841
4.0,848
4.0,854
4.0,858
4.0,859
4.0,862
4.0,865
4.0,867
4.0,871
4.0,878
4.0,882
4.0,890
4.0,898
4.0,90
4.0,902
4.0,906
4.0,912
4.0,915
4.0,922
4.0,924
4.0,942
4.0,943
4.0,946
4.0,948
4.0,949
4.0,953
4.0,955
4.0,957
4.0,96
4.0,960
4.0,971
4.0,972
4.0,973
4.0,974
4.0,98
5.0,10
5.0,100
5.0,1000
5.0,1001
5.0,107
5.0,108
5.0,11
5.0,110
5.0,111
5.0,112
5.0,113
5.0,114
5.0,115
5.0,116
5.0,118
5.0,119
5.0,12
5.0,120
5.0,122
5.0,123
5.0,124
5.0,125
5.0,126
5.0,129
5.0,130
5.0,131
5.0,132
5.0,133
5.0,134
5.0,138
5.0,139
5.0,14
5.0,140
5.0,143
5.0,144
5.0,146
5.0,147
5.0,15
5.0,150
5.0,152
5.0,154
5.0,158
5.0,16
5.0,161
5.0,163
5.0,164
5.0,166
5.0,167
5.0,169
5.0,17
5.0,171
5.0,172
5.0,173
5.0,175
5.0,179
5.0,18
5.0,180
5.0,181
5.0,182
5.0,183
5.0,184
5.0,185
5.0,186
5.0,187
5.0,188
5.0,189
5.0,19
5.0,190
5.0,192
5.0,193
5.0,195
5.0,196
5.0,197
5.0,198
5.0,199
5.0,2
5.0,20
5.0,200
5.0,201
5.0,206
5.0,210
5.0,215
5.0,219
5.0,22
5.0,222
5.0,224
5.0,23
5.0,230
5.0,231
5.0,233
5.0,235
5.0,236
5.0,239
5.0,24
5.0,241
5.0,242
5.0,244
5.0,246
5.0,247
5.0,248
5.0,25
5.0,250
5.0,251
5.0,252
5.0,253
5.0,254
5.0,256
5.0,258
5.0,259
5.0,26
5.0,261
5.0,262
5.0,263
5.0,264
5.0,265
5.0,266
5.0,269
5.0,27
5.0,270
5.0,272
5.0,274
5.0,275
5.0,278
5.0,279
5.0,28
5.0,280
5.0,281
5.0,282
5.0,283
5.0,284
5.0,285
5.0,286
5.0,287
5.0,29
5.0,294
5.0,296
5.0,297
5.0,298
5.0,299
5.0,30
5.0,300
5.0,301
5.0,302
5.0,303
5.0,304
5.0,306
5.0,307
5.0,308
5.0,31
5.0,310
5.0,311
5.0,312
5.0,313
5.0,314
5.0,316
5.0,319
5.0,32
5.0,321
5.0,323
5.0,324
5.0,325
5.0,327
5.0,328
5.0,329
5.0,33
5.0,331
5.0,332
5.0,333
5.0,334
5.0,34
5.0,340
5.0,342
5.0,343
5.0,344
5.0,345
5.0,347
5.0,348
5.0,349
5.0,35
5.0,350
5.0,351
5.0,353
5.0,354
5.0,356
5.0,357
5.0,358
5.0,359
5.0,36
5.0,361
5.0,364
5.0,367
5.0,368
5.0,369
5.0,37
5.0,373
5.0,374
5.0,376
5.0,377
5.0,379
5.0,38
5.0,380
5.0,382
5.0,385
5.0,386
5.0,387
5.0,388
5.0,39
5.0,391
5.0,393
5.0,394
5.0,395
5.0,396
5.0,397
5.0,399
5.0,40
5.0,401
5.0,404
5.0,406
5.0,41
5.0,410
5.0,411
5.0,413
5.0,414
5.0,415
5.0,416
5.0,417
5.0,418
5.0,419
5.0,42
5.0,421
5.0,422
5.0,424
5.0,425
5.0,426
5.0,429
5.0,43
5.0,431
5.0,434
5.0,435
5.0,436
5.0,439
5.0,44
5.0,440
5.0,441
5.0,442
5.0,443
5.0,446
5.0,449
5.0,45
5.0,450
5.0,452
5.0,456
5.0,457
5.0,458
5.0,459
5.0,46
5.0,460
5.0,461
5.0,462
5.0,465
5.0,466
5.0,467
5.0,468
5.0,469
5.0,47
5.0,471
5.0,474
5.0,476
5.0,48
5.0,480
5.0,482
5.0,484
5.0,489
5.0,49
5.0,491
5.0,493
5.0,494
5.0,495
5.0,496
5.0,5
5.0,50
5.0,500
5.0,501
5.0,502
5.0,503
5.0,504
5.0,505
5.0,506
5.0,507
5.0,508
5.0,509
5.0,51
5.0,510
5.0,511
5.0,512
5.0,513
5.0,514
5.0,517
5.0,519
5.0,52
5.0,520
5.0,521
5.0,524
5.0,525
5.0,526
5.0,527
5.0,528
5.0,529
5.0,53
5.0,530
5.0,532
5.0,536
5.0,54
5.0,542
5.0,544
5.0,546
5.0,547
5.0,548
5.0,549
5.0,55
5.0,554
5.0,555
5.0,556
5.0,557
5.0,559
5.0,56
5.0,560
5.0,561
5.0,562
5.0,563
5.0,565
5.0,567
5.0,568
5.0,569
5.0,57
5.0,570
5.0,572
5.0,573
5.0,574
5.0,575
5.0,576
5.0,577
5.0,578
5.0,579
5.0,58
5.0,586
5.0,587
5.0,588
5.0,589
5.0,59
5.0,591
5.0,592
5.0,594
5.0,595
5.0,596
5.0,597
5.0,598
5.0,6
5.0,60
5.0,600
5.0,603
5.0,61
5.0,610
5.0,611
5.0,614
5.0,615
5.0,616
5.0,617
5.0,618
5.0,62
5.0,623
5.0,628
5.0,63
5.0,630
5.0,631
5.0,632
5.0,633
5.0,635
5.0,636
5.0,637
5.0,638
5.0,639
5.0,640
5.0,641
5.0,642
5.0,644
5.0,645
5.0,646
5.0,647
5.0,648
5.0,649
5.0,653
5.0,654
5.0,655
5.0,657
5.0,662
5.0,663
5.0,664
5.0,665
5.0,666
5.0,668
5.0,669
5.0,67
5.0,670
5.0,671
5.0,672
5.0,673
5.0,674
5.0,675
5.0,678
5.0,679
5.0,68
5.0,680
5.0,682
5.0,684
5.0,686
5.0,688
5.0,689
5.0,69
5.0,690
5.0,691
5.0,693
5.0,694
5.0,696
5.0,698
5.0,7
5.0,701
5.0,702
5.0,703
5.0,704
5.0,706
5.0,707
5.0,709
5.0,71
5.0,710
5.0,712
5.0,713
5.0,714
5.0,715
5.0,716
5.0,717
5.0,718
5.0,719
5.0,72
5.0,720
5.0,721
5.0,722
5.0,723
5.0,724
5.0,725
5.0,727
5.0,728
5.0,729
5.0,73
5.0,730
5.0,732
5.0,734
5.0,735
5.0,736
5.0,737
5.0,739
5.0,74
5.0,740
5.0,741
5.0,742
5.0,747
5.0,748
5.0,749
5.0,75
5.0,750
5.0,751
5.0,752
5.0,753
5.0,758
5.0,759
5.0,76
5.0,760
5.0,761
5.0,765
5.0,766
5.0,768
5.0,77
5.0,771
5.0,772
5.0,773
5.0,774
5.0,775
5.0,776
5.0,777
5.0,778
5.0,779
5.0,780
5.0,781
5.0,782
5.0,783
5.0,784
5.0,785
5.0,786
5.0,787
5.0,788
5.0,789
5.0,790
5.0,791
5.0,792
5.0,794
5.0,795
5.0,796
5.0,797
5.0,799
5.0,8
5.0,801
5.0,802
5.0,804
5.0,807
5.0,81
5.0,810
5.0,811
5.0,816
5.0,817
5.0,818
5.0,819
5.0,82
5.0,822
5.0,823
5.0,824
5.0,825
5.0,826
5.0,827
5.0,828
5.0,83
5.0,838
5.0,84
5.0,846
5.0,847
5.0,85
5.0,850
5.0,851
5.0,852
5.0,853
5.0,855
5.0,856
5.0,857
5.0,86
5.0,860
5.0,861
5.0,863
5.0,868
5.0,87
5.0,873
5.0,874
5.0,875
5.0,876
5.0,877
5.0,879
5.0,88
5.0,883
5.0,884
5.0,885
5.0,886
5.0,887
5.0,888
5.0,889
5.0,89
5.0,891
5.0,892
5.0,893
5.0,894
5.0,899
5.0,9
5.0,901
5.0,903
5.0,904
5.0,905
5.0,907
5.0,908
5.0,909
5.0,910
5.0,911
5.0,913
5.0,914
5.0,918
5.0,919
5.0,92
5.0,920
5.0,923
5.0,925
5.0,926
5.0,928
5.0,929
5.0,93
5.0,932
5.0,933
5.0,934
5.0,935
5.0,936
5.0,937
5.0,938
5.0,939
5.0,94
5.0,940
5.0,941
5.0,944
5.0,945
5.0,947
5.0,95
5.0,951
5.0,952
5.0,954
5.0,958
5.0,962
5.0,963
5.0,964
5.0,968
5.0,969
5.0,97
5.0,970
5.0,975
5.0,976
5.0,977
5.0,978
5.0,979
5.0,980
5.0,981
5.0,982
5.0,983
5.0,985
5.0,986
5.0,987
5.0,988
5.0,989
5.0,99
5.0,990
5.0,992
5.0,993
5.0,994
5.0,995
5.0,999
